4294967278,47
4294967278,46
4294967278,45
4294967278,44
4294967278,43
4294967278,42
4294967278,41
4294967278,40
4294967278,39
4294967278,38
4294967278,37
4294967278,36
4294967278,35
4294967278,34
4294967278,33
4294967278,32
4294967278,31
4294967278,30
4294967278,29
4294967278,23
4294967278,22
4294967278,21
4294967278,20
4294967278,19
4294967278,18
4294967278,17
4294967278,16
4294967278,15
4294967278,14
4294967278,13
4294967278,28
4294967278,321
4294967279,285
4294967278,27
4294967278,320
4294967278,26
4294967278,291
4294967278,25
4294967279,137
4294967278,137
4294967279,333
4294967278,24
4294967278,396
4294967279,283
4294967278,132
4294967278,373
4294967278,131
4294967278,130
4294967278,129
4294967278,128
4294967278,126
4294967278,124
4294967278,123
4294967278,252
4294967278,122
4294967278,121
4294967278,405
4294967278,120
4294967278,247
4294967278,119
4294967278,118
4294967278,243
4294967278,117
4294967278,116
4294967278,115
4294967278,113
4294967278,112
4294967278,174
4294967278,233
4294967278,111
4294967278,231
4294967278,110
4294967278,229
4294967278,109
4294967278,105
4294967278,103
4294967278,102
4294967278,387
4294967278,101
4294967278,100
4294967278,99
4294967278,98
4294967278,95
4294967278,93
4294967278,393
4294967278,92
4294967278,91
4294967278,351
4294967278,90
4294967278,89
4294967278,87
4294967278,86
4294967278,85
4294967278,345
4294967278,83
4294967278,397
4294967278,80
4294967278,78
4294967278,77
4294967278,76
4294967278,75
4294967278,334
4294967278,74
4294967278,69
4294967278,330
4294967278,67
4294967278,66
4294967278,378
4294967278,65
4294967278,365
4294967278,64
4294967278,364
4294967278,63
4294967278,62
4294967278,61
4294967278,60
4294967278,59
4294967278,58
4294967278,57
4294967278,326
4294967278,56
4294967278,317
4294967278,55
4294967278,54
4294967278,315
4294967278,53
4294967278,52
4294967278,409
4294967278,51
4294967278,50
4294967278,49
4294967278,48
4294967279,574
4294967279,540
4294967279,89
4294967279,87
4294967279,86
4294967279,85
4294967279,84
4294967279,533
4294967279,531
4294967279,532
4294967279,81
4294967279,80
4294967279,78
4294967279,77
4294967279,526
4294967279,76
4294967279,525
4294967279,75
4294967279,332
4294967279,74
4294967279,73
4294967279,522
4294967279,521
4294967279,71
4294967279,70
4294967279,69
4294967279,68
4294967279,67
4294967279,572
4294967279,66
4294967279,65
4294967279,64
4294967279,63
4294967279,62
4294967279,569
4294967279,61
4294967279,60
4294967279,59
4294967279,515
4294967279,58
4294967279,514
4294967279,57
4294967279,56
4294967279,55
4294967279,311
4294967279,53
4294967279,309
4294967279,52
4294967279,308
4294967279,51
4294967279,50
4294967279,339
4294967279,49
4294967279,48
4294967279,47
4294967279,46
4294967279,45
4294967279,304
4294967279,303
4294967279,43
4294967279,42
4294967279,289
4294967279,40
4294967279,288
4294967279,39
4294967279,38
4294967279,37
4294967279,36
4294967279,35
4294967279,34
4294967279,33
4294967279,297
4294967279,286
4294967279,31
4294967279,319
4294967279,30
4294967279,29
4294967279,28
4294967279,318
4294967279,26
4294967279,25
4294967279,24
4294967279,20
4294967279,19
4294967279,266
4294967279,17
4294967279,278
4294967279,15
4294967279,14
4294967279,12
4294967279,11
4294967279,10
4294967279,9
4294967279,8
4294967279,568
4294967279,6
4294967279,281
4294967279,5
4294967279,4
4294967279,23
4294967279,295
4294967279,22
4294967279,317
4294967279,21
4294967279,270
4294967294,30
4294967294,1167
4294967294,1166
4294967294,1164
4294967294,1163
4294967294,1158
4294967294,1019
4294967294,992
4294967294,990
4294967294,989
4294967294,988
4294967294,987
4294967294,60
4294967294,12
4294967294,472
4294967294,18
4294967294,127
4294967294,14
4294967294,126
4294967294,20
4294967294,13
4294967294,104
4294967294,106
4294967294,166
4294967294,24
4294967294,160
4294967294,168
4294967294,1417
4294967279,280
4294967279,277
4294967279,264
4294967279,263
4294967279,261
4294967279,275
4294967279,258
4294967279,257
4294967294,10
4294967294,1095
4294967294,1093
4294967294,1091
4294967294,1090
4294967294,1089
4294967294,1088
4294967294,1013
4294967294,1012
4294967294,1011
4294967294,1008
4294967294,1007
4294967294,1002
4294967294,999
4294967294,998
4294967294,995
4294967294,421
4294967294,190
4294967294,185
4294967294,182
4294967294,176
4294967294,173
4294967294,163
4294967294,162
4294967294,161
4294967294,11
4294967294,68
4294967279,255
4294967279,254
4294967279,253
4294967278,258
4294967278,257
4294967278,360
4294967278,359
4294967278,358
4294967278,127
4294967278,371
4294967278,357
4294967278,125
4294967278,392
4294967278,254
4294967278,354
4294967278,253
4294967278,250
4294967278,248
4294967278,246
4294967278,244
4294967278,242
4294967278,238
4294967278,114
4294967278,369
4294967278,236
4294967278,234
4294967278,232
4294967278,230
4294967278,228
4294967278,108
4294967278,227
4294967278,107
4294967278,225
4294967278,106
4294967278,403
4294967278,220
4294967294,37
4294967278,104
4294967278,218
4294967278,219
4294967278,216
4294967278,214
